MEMORY
  total           14170 KB
  struct            159 KB
  buffer            699 KB
  arena           13312 KB, used 0.2%

SIZES
  narena                13631488
  nbuffer               715872
  nplugin               0
  maxuse_stack          2032
  maxuse_arena          32960
  maxuse_con            8
  maxuse_efc            32
  ncon                  6
  ne                    0
  nf                    0
  nl                    0
  nefc                  24
  nJ                    96
  nA                    0
  nisland               1
  nidof                 4
  ntree_awake           1
  nbody_awake           6
  nparent_awake         5
  nv_awake              4
  flg_energypos         0
  flg_energyvel         0
  flg_subtreevel        0
  flg_rnepost           0
  threadpool            0

TIMER
    0:  duration =  0.14       number = 1
    1:  duration =  0.14       number = 1
    2:  duration =  0          number = 0
    3:  duration =  0.13       number = 1
    4:  duration =  0.0024     number = 1
    5:  duration =  0          number = 0
    6:  duration =  0.0079     number = 1
    7:  duration =  0.0011     number = 1
    8:  duration =  0.0046     number = 1
    9:  duration =  0.0012     number = 1
    10:  duration =  0.11       number = 1
    11:  duration =  0.0079     number = 1
    12:  duration =  0.00019    number = 1
    13:  duration =  0.0037     number = 1
    14:  duration =  0.069      number = 1

SOLVER STAT
  solver_fwdinv =   0         0       
  ISLAND 0
    solver_niter = 2
    solver_nnz = 16
      0:  improvement =  8.7e+02     gradient =  0.18        lineslope =  0       
          nactive = 22   nchange = 2   neval = 3   nupdate = 2
      1:  improvement =  0.01        gradient =  4e-11       lineslope =  0       
          nactive = 22   nchange = 0   neval = 2   nupdate = 0

ENERGY =   0         0       

TIME =  1.8e+02 

QPOS
   0.016   
  -0.85    
  -0.31    
  -2       

QVEL
   0.059   
  -0.016   
   0.00068 
   0.13    

QACC_WARMSTART
   13      
  -3.9     
   0.18    
   19      

QFRC_APPLIED
   0       
   0       
   0       
   0       

XFRC_APPLIED
   0         0         0         0         0         0       
   0         0         0         0         0         0       
   0         0         0         0         0         0       
   0         0         0         0         0         0       
   0         0         0         0         0         0       
   0         0         0         0         0         0       

QACC
   13      
  -3.9     
   0.18    
   19      

TREE_ASLEEP
  -11

XPOS
   0         0         0       
   0         0         0       
   0        -0.0017    0.013   
   0.00088   0.056     0.084   
  -0.43      0.06      0.16    
  -0.039     0.026     0.14    

XQUAT
   1         0         0         0       
   1         0         0         0       
   1         0         0        -0.0077  
   0.91     -0.0032   -0.41     -0.007   
   0.96     -0.0021   -0.27     -0.0074  
   0.23      0.22     -0.67      0.67    

XMAT
   1         0         0         0         1         0         0         0         1       
   1         0         0         0         1         0         0         0         1       
   1         0.015     0        -0.015     1        -0        -0         0         1       
   0.66      0.015    -0.75     -0.01      1         0.012     0.75      0         0.66    
   0.86      0.015    -0.51     -0.013     1         0.0079    0.51      0         0.86    
  -0.8      -0.6      -0.015     0.012     0.0092   -1         0.6      -0.8      -1.1e-16 

XIPOS
   0         0         0       
  -0.02     -0.062     0.022   
  -0.002     0.0079    0.056   
  -0.18      0.0091    0.11    
  -0.22      0.0017    0.15    
  -0.039    -0.0032    0.16    

XIMAT
   1         0         0         0         1         0         0         0         1       
   0.036    -0.95     -0.31      0.1       0.31     -0.94      0.99      0.0025    0.11    
   0.026    -0.032     1        -0.61     -0.79     -0.0094    0.79     -0.61     -0.04    
   0.022    -0.17     -0.99      1         0.017     0.02      0.014    -0.99      0.17    
   0.045    -0.017     1        -0.0035   -1        -0.017     1        -0.0028   -0.045   
  -0.015     0.69     -0.72     -1        -0.011     0.011     6.7e-06   0.72      0.69    

XANCHOR
   0        -0.0017    0.013   
   0.00088   0.056     0.084   
  -0.43      0.06      0.16    
  -0.039     0.026     0.14    

XAXIS
   0         0        -1       
   0.015     1         0       
  -0.015    -1         0       
   0.015     1        -4.4e-16 

GEOM_XPOS
   0         0        -0.01    
  -0.02     -0.062     0.022   
  -0.02     -0.062     0.022   
  -0.003    -0.0021    0.057   
  -0.003    -0.0021    0.057   
  -0.21      0.0041    0.12    
  -0.21      0.0041    0.12    
  -0.26      0.0055    0.15    
  -0.26      0.0055    0.15    
  -0.038    -0.0048    0.16    
  -0.038    -0.0048    0.16    

GEOM_XMAT
   1         0         0         0         1         0         0         0         1       
   0.036    -0.95     -0.31      0.1       0.31     -0.94      0.99      0.0025    0.11    
   0.036    -0.95     -0.31      0.1       0.31     -0.94      0.99      0.0025    0.11    
   0.83      0.55     -0.1      -0.45      0.76      0.47      0.34     -0.35      0.87    
   0.83      0.55     -0.1      -0.45      0.76      0.47      0.34     -0.35      0.87    
   0.17      0.018    -0.98     -0.057     1         0.0083    0.98      0.055     0.18    
   0.17      0.018    -0.98     -0.057     1         0.0083    0.98      0.055     0.18    
   0.047    -0.051     1         0.0029   -1        -0.052     1         0.0053   -0.047   
   0.047    -0.051     1         0.0029   -1        -0.052     1         0.0053   -0.047   
  -0.69     -0.57     -0.45      0.5      -0.82      0.27     -0.52     -0.044     0.85    
  -0.69     -0.57     -0.45      0.5      -0.82      0.27     -0.52     -0.044     0.85    

SUBTREE_COM
  -0.074    -0.029     0.063   
  -0.074    -0.029     0.063   
  -0.13      0.0064    0.11    
  -0.18      0.0058    0.13    
  -0.19      0.00088   0.15    
  -0.039    -0.0032    0.16    

CDOF
   0         0        -1        -0.027     0.074     0       
   0.015     1         0        -0.022     0.00033   0.073   
  -0.015    -1         0         0.094    -0.0015    0.36    
   0.015     1        -4.4e-16  -0.077     0.0012    0.034   

CINERT
   0         0         0         0         0         0         0         0         0         0       
   0.011     0.0095    0.014     0.0013    0.0038   -0.0016    0.088    -0.055    -0.068     1.6     
   0.00098   0.0028    0.0034   -0.0012    0.00023   0.00011   0.032     0.016    -0.0031    0.45    
   0.0029    0.014     0.013     0.0027    0.0042   -0.0013   -0.069     0.025     0.033     0.66    
   0.0031    0.011     0.0089    0.0016    0.0045   -0.00095  -0.053     0.011     0.031     0.37    
   0.00076   0.0008    0.00014  -6.5e-05  -0.00024  -0.00018   0.0025    0.0019    0.0071    0.072   

CRB
   0         0         0         0         0         0         0         0         0         0       
   0.019     0.038     0.04      0.0045    0.013    -0.0039   -1.4e-17   0         0         3.2     
   0.0077    0.029     0.025     0.0031    0.0087   -0.0023   -0.088     0.055     0.068     1.5     
   0.0067    0.026     0.022     0.0043    0.0085   -0.0024   -0.12      0.038     0.071     1.1     
   0.0038    0.012     0.009     0.0016    0.0043   -0.0011   -0.051     0.013     0.038     0.44    
   0.00076   0.0008    0.00014  -6.5e-05  -0.00024  -0.00018   0.0025    0.0019    0.0071    0.072   

QM
   0.045   
   0.00014   0.047   
   6e-07     0.018     0.029   
  -3.3e-06   0.00013  -3.2e-05   4.6e-05 

M
     0:  0.045   
     0:  0.00014    1:  0.047   
     0:  6e-07      1:  0.018      2:  0.029   
     0: -3.3e-06    1:  0.00013    2: -3.2e-05    3:  4.6e-05 

QLD
     0:  0.045   
     0:  0.0042     1:  0.036   
     0: -5.8e-05    1:  0.61       2:  0.029   
     0: -0.071      1:  2.8        2: -0.7        3:  4.6e-05 

QLDIAGINV
   22      
   28      
   34      
   2.2e+04 

M: inertia structure
------
 x    |
 xx   |
 xxx  |
 xxxx |
------

iM: block-diagonal inertia (nnzs are island ids)
------
 0    |
 00   |
 000  |
 0000 |
------

TREE_AWAKE
  1

BODY_AWAKE
  -1 -1 1 1 1 1

BODY_AWAKE_IND
  0 1 2 3 4 5

PARENT_AWAKE_IND
  1 2 3 4 5

DOF_AWAKE_IND
  0 1 2 3

CONTACT
  0:
     dim           3
     geoms         ground : 4
     exclude       0
     efc_address   0
     solref         0.02      1       
     solimp         0.9       0.95      0.001     0.5       2       
     dist          -1.8e-09 
     includemargin  0       
     pos            0.027    -0.03     -9.1e-10 
     frame          1e-07     6.5e-08   1        -6.6e-15   1        -6.5e-08  -1         0         1e-07   
     friction       1         1         0.005     0.0001    0.0001  
     mu             1       
     force          6.8e+02   3.4e+02  -3.4e+02   0         0         0       
  1:
     dim           3
     geoms         1 : 4
     exclude       0
     efc_address   4
     solref         0.02      1       
     solimp         0.9       0.95      0.001     0.5       2       
     dist          -0.053   
     includemargin  0       
     pos           -0.013    -0.05      0.026   
     frame          0.046     0.18      0.98     -0.0085    0.98     -0.18     -1         1.7e-18   0.047   
     friction       1         1         0.005     0.0001    0.0001  
     mu             1       
     force          8.7e+05  -6.9e+02  -2.5e+03   0         0         0       
  2:
     dim           3
     geoms         2 : 4
     exclude       0
     efc_address   8
     solref         0.02      1       
     solimp         0.9       0.95      0.001     0.5       2       
     dist          -0.053   
     includemargin  0       
     pos           -0.013    -0.05      0.026   
     frame          0.046     0.18      0.98     -0.0085    0.98     -0.18     -1         1.7e-18   0.047   
     friction       1         1         0.005     0.0001    0.0001  
     mu             1       
     force          8.7e+05  -6.9e+02  -2.5e+03   0         0         0       
  3:
     dim           3
     geoms         1 : 6
     exclude       0
     efc_address   12
     solref         0.02      1       
     solimp         0.9       0.95      0.001     0.5       2       
     dist          -0.00034 
     includemargin  0       
     pos           -0.051    -0.035     0.049   
     frame         -0.041     0.2       0.98      0.0085    0.98     -0.2      -1         0        -0.041   
     friction       1         1         0.005     0.0001    0.0001  
     mu             1       
     force          18       -8.7      -3.8       0         0         0       
  4:
     dim           3
     geoms         2 : 6
     exclude       0
     efc_address   16
     solref         0.02      1       
     solimp         0.9       0.95      0.001     0.5       2       
     dist          -0.00034 
     includemargin  0       
     pos           -0.051    -0.035     0.049   
     frame         -0.041     0.2       0.98      0.0085    0.98     -0.2      -1         0        -0.041   
     friction       1         1         0.005     0.0001    0.0001  
     mu             1       
     force          18       -8.7      -3.8       0         0         0       
  5:
     dim           3
     geoms         4 : 8
     exclude       0
     efc_address   20
     solref         0.02      1       
     solimp         0.9       0.95      0.001     0.5       2       
     dist          -0.00017 
     includemargin  0       
     pos           -0.026     0.026     0.13    
     frame         -0.71      0.011     0.71      0.0077    1        -0.0077   -0.71      0        -0.71    
     friction       1         1         0.005     0.0001    0.0001  
     mu             1       
     force          2.8      -0.0082   -0.75      0         0         0       

EFC_TYPE
  6
  6
  6
  6
  6
  6
  6
  6
  6
  6
  6
  6
  6
  6
  6
  6
  6
  6
  6
  6
  6
  6
  6
  6

EFC_ID
  0
  0
  0
  0
  1
  1
  1
  1
  2
  2
  2
  2
  3
  3
  3
  3
  4
  4
  4
  4
  5
  5
  5
  5

EFC_J
  -0.027     0         0         0       
   0.027     0         0         0       
   0.028     0         0         0       
  -0.028     0         0         0       
   0.013     0         0         0       
  -0.013     0         0         0       
   0.048     0         0         0       
  -0.048     0         0         0       
   0.013     0         0         0       
  -0.013     0         0         0       
   0.048     0         0         0       
  -0.048     0         0         0       
   0.062     0.041     0         0       
  -0.038     0.061     0         0       
   0.045     0.084     0         0       
  -0.021     0.018     0         0       
   0.062     0.041     0         0       
  -0.038     0.061     0         0       
   0.045     0.084     0         0       
  -0.021     0.018     0         0       
   0        -0.014     0.26      0       
   0        -0.013     0.27      0       
   0        -0.063    -0.04      0       
   0         0.037     0.58      0       

IEFC_J
  -0.027     0         0         0       
   0.027     0         0         0       
   0.028     0         0         0       
  -0.028     0         0         0       
   0.013     0         0         0       
  -0.013     0         0         0       
   0.048     0         0         0       
  -0.048     0         0         0       
   0.013     0         0         0       
  -0.013     0         0         0       
   0.048     0         0         0       
  -0.048     0         0         0       
   0.062     0.041     0         0       
  -0.038     0.061     0         0       
   0.045     0.084     0         0       
  -0.021     0.018     0         0       
   0.062     0.041     0         0       
  -0.038     0.061     0         0       
   0.045     0.084     0         0       
  -0.021     0.018     0         0       
   0        -0.014     0.26      0       
   0        -0.013     0.27      0       
   0        -0.063    -0.04      0       
   0         0.037     0.58      0       

EFC_POS
  -1.8e-09 
  -1.8e-09 
  -1.8e-09 
  -1.8e-09 
  -0.053   
  -0.053   
  -0.053   
  -0.053   
  -0.053   
  -0.053   
  -0.053   
  -0.053   
  -0.00034 
  -0.00034 
  -0.00034 
  -0.00034 
  -0.00034 
  -0.00034 
  -0.00034 
  -0.00034 
  -0.00017 
  -0.00017 
  -0.00017 
  -0.00017 

EFC_MARGIN
   0       
   0       
   0       
   0       
   0       
   0       
   0       
   0       
   0       
   0       
   0       
   0       
   0       
   0       
   0       
   0       
   0       
   0       
   0       
   0       
   0       
   0       
   0       
   0       

EFC_FRICTIONLOSS
   0       
   0       
   0       
   0       
   0       
   0       
   0       
   0       
   0       
   0       
   0       
   0       
   0       
   0       
   0       
   0       
   0       
   0       
   0       
   0       
   0       
   0       
   0       
   0       

EFC_DIAGAPPROX
   0.012   
   0.012   
   0.012   
   0.012   
   0.012   
   0.012   
   0.012   
   0.012   
   0.012   
   0.012   
   0.012   
   0.012   
   2.1     
   2.1     
   2.1     
   2.1     
   2.1     
   2.1     
   2.1     
   2.1     
   4.2     
   4.2     
   4.2     
   4.2     

EFC_KBIP
   2.8e+03   1.1e+02   0.9      -0.00036 
   2.8e+03   1.1e+02   0.9      -0.00036 
   2.8e+03   1.1e+02   0.9      -0.00036 
   2.8e+03   1.1e+02   0.9      -0.00036 
   2.8e+03   1.1e+02   0.95      0       
   2.8e+03   1.1e+02   0.95      0       
   2.8e+03   1.1e+02   0.95      0       
   2.8e+03   1.1e+02   0.95      0       
   2.8e+03   1.1e+02   0.95      0       
   2.8e+03   1.1e+02   0.95      0       
   2.8e+03   1.1e+02   0.95      0       
   2.8e+03   1.1e+02   0.95      0       
   2.8e+03   1.1e+02   0.91     -69      
   2.8e+03   1.1e+02   0.91     -69      
   2.8e+03   1.1e+02   0.91     -69      
   2.8e+03   1.1e+02   0.91     -69      
   2.8e+03   1.1e+02   0.91     -69      
   2.8e+03   1.1e+02   0.91     -69      
   2.8e+03   1.1e+02   0.91     -69      
   2.8e+03   1.1e+02   0.91     -69      
   2.8e+03   1.1e+02   0.9      -35      
   2.8e+03   1.1e+02   0.9      -35      
   2.8e+03   1.1e+02   0.9      -35      
   2.8e+03   1.1e+02   0.9      -35      

EFC_D
   7.5e+02 
   7.5e+02 
   7.5e+02 
   7.5e+02 
   1.6e+03 
   1.6e+03 
   1.6e+03 
   1.6e+03 
   1.6e+03 
   1.6e+03 
   1.6e+03 
   1.6e+03 
   5       
   5       
   5       
   5       
   5       
   5       
   5       
   5       
   2.2     
   2.2     
   2.2     
   2.2     

EFC_R
   0.0013  
   0.0013  
   0.0013  
   0.0013  
   0.00063 
   0.00063 
   0.00063 
   0.00063 
   0.00063 
   0.00063 
   0.00063 
   0.00063 
   0.2     
   0.2     
   0.2     
   0.2     
   0.2     
   0.2     
   0.2     
   0.2     
   0.45    
   0.45    
   0.45    
   0.45    

CVEL
   0         0         0         0         0         0       
   0         0         0         0         0         0       
   0         0        -0.033    -0.0009    0.0024    0       
  -0.00012  -0.0081   -0.033    -0.00073   0.0024   -0.00059 
  -0.00013  -0.0084   -0.033    -0.0007    0.0024   -0.00047 
   0.0013    0.083    -0.033    -0.0078    0.0025    0.0026  

CDOF_DOT
  -0         0         0         0         0         0       
   0.033    -0.00051   0         1.1e-05   0.00071  -0.00094 
  -0.033     0.00051   0        -0.0036   -0.0031    0.0015  
   0.033    -0.00051   5.4e-20   0.00023   0.0025   -0.0014  

QFRC_BIAS
   4.6e-06 
   2       
   1.1     
  -0.00032 

QFRC_SPRING
   0       
   0       
   0       
   0       

QFRC_DAMPER
   0       
   0       
   0       
   0       

QFRC_GRAVCOMP
   0       
   0       
   0       
   0       

QFRC_FLUID
   0       
   0       
   0       
   0       

QFRC_PASSIVE
   0       
   0       
   0       
   0       

EFC_VEL
  -0.0009  
   0.0009  
   0.00092 
  -0.00092 
   0.00044 
  -0.00043 
   0.0016  
  -0.0016  
   0.00044 
  -0.00043 
   0.0016  
  -0.0016  
   0.0017  
  -0.0018  
   0.00079 
  -0.00084 
   0.0017  
  -0.0018  
   0.00079 
  -0.00084 
   0.0002  
   0.00019 
   0.0005  
  -0.00011 

EFC_AREF
   0.095   
  -0.095   
  -0.097   
   0.097   
   1.4e+02 
   1.4e+02 
   1.4e+02 
   1.4e+02 
   1.4e+02 
   1.4e+02 
   1.4e+02 
   1.4e+02 
   0.69    
   1.1     
   0.79    
   0.96    
   0.69    
   1.1     
   0.79    
   0.96    
   0.42    
   0.42    
   0.39    
   0.45    

SUBTREE_LINVEL
   0         0         0       
   0         0         0       
   0         0         0       
   0         0         0       
   0         0         0       
   0         0         0       

SUBTREE_ANGMOM
   0         0         0       
   0         0         0       
   0         0         0       
   0         0         0       
   0         0         0       
   0         0         0       

QFRC_ACTUATOR
   0       
   0       
   0       
   0       

QFRC_SMOOTH
  -4.6e-06 
  -2       
  -1.1     
   0.00032 

QACC_SMOOTH
   0.12    
  -37      
  -13      
   1e+02   

EFC_B
  -0.098   
   0.098   
   0.1     
  -0.1     
  -1.4e+02 
  -1.4e+02 
  -1.4e+02 
  -1.4e+02 
  -1.4e+02 
  -1.4e+02 
  -1.4e+02 
  -1.4e+02 
  -2.2     
  -3.3     
  -3.9     
  -1.6     
  -2.2     
  -3.3     
  -3.9     
  -1.6     
  -3.5     
  -3.6     
   2.5     
  -9.6     

EFC_FORCE
   3.4e+02 
   0       
   0       
   3.4e+02 
   2.2e+05 
   2.2e+05 
   2.2e+05 
   2.2e+05 
   2.2e+05 
   2.2e+05 
   2.2e+05 
   2.2e+05 
   0.24    
   8.9     
   2.7     
   6.5     
   0.24    
   8.9     
   2.7     
   6.5     
   0.7     
   0.71    
   0.33    
   1.1     

EFC_STATE
  1
  0
  0
  1
  1
  1
  1
  1
  1
  1
  1
  1
  1
  1
  1
  1
  1
  1
  1
  1
  1
  1
  0
  1

QFRC_CONSTRAINT
   0.58    
   1.8     
   0.99    
   0       

QFRC_INVERSE
   0       
   0       
   0       
   0       

CACC
   0         0         0         0         0         0       
   0         0         0         0         0         0       
   0         0         0         0         0         0       
   0         0         0         0         0         0       
   0         0         0         0         0         0       
   0         0         0         0         0         0       

CFRC_INT
   0         0         0         0         0         0       
   0         0         0         0         0         0       
   0         0         0         0         0         0       
   0         0         0         0         0         0       
   0         0         0         0         0         0       
   0         0         0         0         0         0       

CFRC_EXT
   0         0         0         0         0         0       
   0         0         0         0         0         0       
   0         0         0         0         0         0       
   0         0         0         0         0         0       
   0         0         0         0         0         0       
   0         0         0         0         0         0       

TREE_ISLAND
  0

ISLAND_NTREE
  1

ISLAND_ITREEADR
  0

MAP_ITREE2TREE
  0

DOF_ISLAND            0 0 0 0

ISLAND_NV             4

ISLAND_IDOFADR        0

MAP_IDOF2DOF          0 1 2 3

EFC_ISLAND            0 0 0 0 0 0 0 0 0 0 0 0 0 0 0 0 0 0 0 0 0 0 0 0

ISLAND_NEFC           24

ISLAND_IEFCADR        0

MAP_IEFC2EFC          0 1 2 3 4 5 6 7 8 9 10 11 12 13 14 15 16 17 18 19 20 21 22 23

